300, 300
267, 189
960, 576
453, 231
300, 168
266, 190
300, 300
300, 300
253, 199
1608, 1078
300, 300
300, 300
300, 300
1464, 976
736, 490
1024, 689
360, 272
816, 612
1920, 1200
275, 183
300, 300
271, 186
1600, 1200
252, 200
284, 177
300, 300
700, 525
300, 300
830, 506
4320, 3240
286, 176
648, 360
282, 179
300, 168
300, 300
700, 400
300, 300
300, 300
400, 242
275, 183
1024, 768
1255, 491
300, 300
474, 237
259, 194
800, 525
474, 275
474, 355
300, 300
320, 240
300, 300
700, 525
300, 168
360, 240
510, 390
300, 300
3835, 5752
1920, 1280
275, 183
720, 480
640, 640
550, 550
695, 340
258, 195
299, 168
259, 195
964, 597
916, 557
1280, 720
252, 200
275, 183
213, 319
600, 399
300, 300
300, 300
297, 170
300, 300
300, 300
194, 259
300, 300
300, 300
300, 300
279, 180
2000, 928
800, 533
3872, 2592
960, 515
300, 300
370, 272
300, 300
400, 260
300, 300
1280, 720
300, 300
4000, 2667
2256, 1504
300, 168
284, 177
1200, 1110
1600, 1071
653, 279
1024, 768
450, 273
288, 175
234, 215
300, 300
300, 300
301, 168
275, 183
271, 186
300, 300
259, 194
300, 300
275, 183
300, 300
300, 300
300, 168
800, 531
1080, 720
1600, 1086
1280, 720
300, 300
314, 161
347, 145
300, 300
275, 183
300, 300
195, 259
873, 496
1168, 693
300, 300
1600, 894
300, 300
500, 351
643, 361
310, 238
1024, 686
300, 300
1264, 580
300, 300
259, 194
276, 183
3648, 2736
300, 300
1280, 720
259, 194
970, 545
300, 300
300, 300
259, 194
300, 300
300, 300
300, 300
300, 300
2315, 1540
233, 217
1140, 570
318, 159
600, 249
259, 194
300, 300
300, 300
600, 450
800, 600
259, 194
335, 150
251, 201
282, 179
900, 550
279, 180
300, 300
1038, 692
300, 300
960, 720
275, 183
846, 620
1280, 720
400, 202
806, 537
359, 140
300, 168
300, 300
612, 612
300, 300
300, 300
300, 300
499, 333
2048, 1371
680, 454
720, 405
1920, 1200
300, 300
720, 1280
640, 480
600, 450
300, 300
300, 300
350, 158
225, 225
1594, 1006
300, 300
310, 163
736, 552
225, 225
510, 269
256, 341
800, 536
275, 183
300, 300
800, 600
300, 300
300, 300
450, 112
300, 168
300, 300
800, 532
685, 457
300, 168
300, 300
305, 165
1800, 1200
275, 183
400, 270
672, 186
279, 181
750, 540
306, 164
1296, 864
700, 525
300, 300
300, 168
300, 300
300, 300
275, 183
225, 225
1304, 680
577, 387
300, 300
1020, 765
804, 536
194, 259
994, 469
300, 300
1024, 686
225, 225
1024, 768
1280, 720
275, 183
300, 300
300, 300
300, 300
314, 161
299, 168
300, 300
1600, 1200
275, 183
275, 183
300, 300
275, 183
690, 501
300, 300
600, 404
600, 400
1280, 720
2550, 1572
876, 588
300, 300
183, 276
1024, 768
300, 300
300, 300
700, 453
650, 365
272, 186
300, 300
680, 454
1386, 1040
300, 168
596, 488
300, 300
960, 576
300, 300
920, 566
907, 630
600, 600
1024, 768
1920, 1280
276, 168
278, 181
300, 300
300, 300
550, 335
835, 553
194, 259
312, 209
480, 270
265, 164
279, 180
800, 600
326, 245
300, 300
290, 174
300, 300
300, 300
300, 300
300, 300
300, 300
1023, 435
275, 183
945, 768
984, 739
259, 194
300, 300
259, 194
800, 550
268, 188
1024, 685
450, 300
300, 300
216, 219
300, 300
294, 171
300, 300
300, 300
696, 466
275, 183
1920, 1080
300, 300
520, 346
1262, 660
300, 300
275, 183
1280, 720
300, 300
1280, 857
1600, 998
1199, 542
282, 179
650, 412
255, 198
259, 194
850, 600
299, 168
1335, 681
1280, 720
1024, 768
300, 300
1280, 720
312, 162
800, 533
300, 300
960, 544
300, 300
1200, 885
1347, 898
600, 600
261, 193
300, 300
300, 300
1200, 677
1279, 851
300, 300
853, 480
300, 300
300, 300
1800, 1200
300, 300
300, 300
300, 300
1340, 525
852, 480
1500, 1125
259, 194
300, 300
500, 500
600, 600
259, 194
300, 300
300, 300
300, 300
259, 194
208, 133
1024, 768
300, 300
292, 172
300, 300
1680, 1050
500, 333
1280, 721
275, 183
523, 396
300, 300
1200, 630
735, 492
275, 183
1920, 1080
300, 300
2100, 1500
240, 160
660, 359
300, 300
516, 447
1600, 958
300, 300
500, 375
1280, 960
1280, 720
1200, 801
284, 161
300, 300
275, 183
284, 177
259, 194
300, 300
300, 300
300, 300
300, 168
259, 149
300, 168
300, 300
300, 168
300, 300
1200, 800
1920, 1080
640, 481
388, 255
1024, 768
751, 825
284, 177
225, 225
231, 218
275, 183
354, 142
474, 316
800, 500
1412, 570
259, 194
300, 300
277, 182
300, 300
318, 159
300, 300
280, 180
1920, 1221
275, 183
275, 183
1280, 853
300, 300
300, 300
300, 300
265, 190
201, 251
600, 337
300, 300
700, 273
600, 438
300, 300
892, 502
931, 561
310, 163
100, 100
300, 300
675, 900
300, 300
318, 159
1080, 720
259, 194
300, 300
300, 300
300, 300
1080, 810
852, 480
275, 183
275, 183
1024, 767
275, 183
300, 168
1600, 1200
275, 183
266, 190
1024, 768
300, 300
275, 183
1200, 900
1008, 774
720, 960
259, 194
300, 300
747, 560
474, 355
735, 551
275, 183
300, 300
640, 424
198, 254
277, 182
300, 300
300, 300
300, 300
291, 173
300, 300
300, 168
300, 300
310, 232
225, 225
221, 161
211, 239
1024, 640
300, 300
480, 360
300, 300
300, 300
300, 300
750, 500
600, 337
266, 190
300, 300
300, 300
800, 517
346, 146
300, 168
275, 183
1280, 720
259, 194
275, 183
1024, 768
960, 641
1200, 751
1280, 720
300, 300
300, 300
268, 188
275, 183
300, 300
300, 300
300, 168
1280, 914
278, 181
300, 300
885, 500
1000, 667
300, 300
300, 300
1280, 720
300, 300
480, 343
3812, 2145
300, 300
1280, 960
275, 183
234, 215
260, 194
300, 168
640, 480
290, 174
300, 300
1600, 941
300, 300
949, 464
800, 600
300, 168
284, 177
273, 171
480, 270
300, 300
300, 300
275, 183
1063, 752
300, 300
284, 177
300, 300
275, 183
259, 194
275, 184
300, 300
310, 163
275, 183
865, 1176
259, 194
259, 194
300, 168
300, 300
520, 380
1280, 720
309, 163
570, 404
300, 300
980, 551
300, 300
276, 183
455, 455
259, 194
300, 300
736, 490
273, 148
275, 183
300, 300
1008, 756
259, 194
300, 300
259, 194
982, 590
300, 300
300, 300
300, 300
259, 176
259, 194
1280, 720
3840, 2400
300, 300
480, 324
970, 620
533, 400
1400, 669
300, 300
800, 422
1024, 768
2000, 1339
300, 300
300, 300
300, 300
311, 162
300, 300
750, 563
300, 300
225, 225
292, 173
300, 300
600, 393
1000, 750
300, 168
300, 300
300, 300
1000, 563
300, 300
284, 177
600, 444
282, 179
275, 183
285, 213
1280, 720
302, 167
259, 194
266, 189
300, 300
280, 180
245, 184
259, 194
667, 500
301, 168
234, 215
300, 300
5312, 2988
225, 225
300, 210
300, 300
300, 300
275, 183
480, 268
1275, 929
275, 183
300, 168
275, 183
300, 300
300, 300
300, 300
700, 467
300, 300
300, 300
300, 300
1200, 800
259, 194
300, 300
300, 300
980, 523
300, 300
300, 194
2400, 1629
300, 300
300, 168
300, 300
300, 300
300, 300
300, 168
195, 258
247, 330
302, 167
550, 396
932, 486
800, 533
740, 465
275, 183
1920, 1440
284, 177
300, 300
275, 183
1024, 681
275, 183
300, 300
1280, 794
400, 300
273, 185
700, 393
272, 185
300, 300
275, 183
300, 300
1600, 1066
800, 400
276, 183
960, 640
300, 300
300, 300
300, 300
747, 446
474, 223
1025, 646
300, 300
300, 300
300, 300
275, 183
800, 399
300, 300
276, 183
1790, 1155
300, 300
301, 167
323, 156
599, 337
275, 183
275, 183
284, 178
300, 300
300, 300
700, 466
300, 300
300, 300
318, 159
275, 183
900, 506
300, 300
168, 300
300, 300
300, 300
300, 300
1024, 684
288, 175
230, 219
300, 300
259, 194
275, 183
259, 194
259, 194
259, 194
1908, 1271
300, 168
300, 300
300, 300
1023, 734
259, 194
341, 148
800, 526
1024, 640
561, 351
1320, 990
300, 300
300, 300
304, 213
300, 300
300, 300
273, 185
550, 390
297, 170
898, 618
2832, 2128
300, 300
300, 300
300, 300
720, 540
1600, 900
259, 194
960, 544
600, 398
259, 194
300, 300
550, 413
275, 183
800, 531
300, 300
300, 300
300, 168
300, 300
1080, 722
760, 570
1872, 1200
300, 300
284, 177
259, 194
300, 300
1280, 720
300, 168
1646, 981
257, 178
300, 300
300, 168
300, 300
300, 300
300, 300
300, 300
1280, 720
852, 480
259, 194
640, 480
622, 349
300, 200
639, 424
1280, 720
4288, 2848
300, 300
250, 187
275, 183
310, 163
493, 470
947, 620
450, 300
1905, 1500
290, 174
315, 160
300, 300
300, 300
300, 300
276, 183
640, 427
300, 300
184, 273
740, 492
256, 197
1024, 683
406, 297
268, 188
300, 168
300, 300
640, 360
259, 194
300, 300
380, 214
300, 300
293, 172
300, 300
300, 300
1000, 596
300, 300
636, 389
351, 144
720, 960
852, 480
600, 338
275, 183
800, 534
1600, 1200
300, 300
460, 365
300, 300
300, 300
303, 166
300, 300
636, 479
279, 290
300, 300
259, 194
240, 134
1280, 720
1280, 960
300, 300
391, 258
900, 600
600, 337
1024, 711
300, 300
748, 487
300, 168
300, 300
640, 480
500, 375
223, 164
609, 383
295, 155
605, 403
2400, 1756
640, 480
246, 205
300, 300
1280, 720
300, 300
300, 168
500, 375
840, 560
269, 166
674, 624
225, 225
300, 300
1170, 779
259, 194
264, 178
623, 414
259, 194
960, 448
243, 208
300, 300
300, 300
1819, 1213
1100, 733
697, 456
272, 185
596, 298
300, 168
294, 171
612, 373
300, 300
300, 300
300, 300
246, 205
637, 362
318, 159
300, 300
276, 183
1024, 768
292, 172
550, 367
275, 183
1024, 768
299, 168
1000, 750
4896, 3672
2048, 1365
584, 799
295, 140
373, 135
1020, 680
195, 259
300, 168
300, 300
1280, 720
600, 600
975, 832
260, 194
983, 552
300, 300
500, 419
300, 300
819, 544
300, 300
300, 300
288, 175
300, 300
314, 160
329, 132
1200, 900
284, 177
259, 194
1333, 750
259, 194
2200, 1345
386, 270
1024, 576
960, 640
1200, 628
3648, 2736
300, 300
300, 300
275, 183
1200, 800
965, 681
259, 194
259, 194
300, 300
1280, 720
768, 439
192, 243
1280, 853
284, 177
829, 490
3676, 2301
259, 194
1800, 1200
300, 300
1280, 720
300, 300
283, 178
300, 300
800, 600
1280, 720
300, 300
1280, 839
926, 561
511, 340
800, 402
300, 300
980, 551
300, 300
300, 300
300, 300
300, 300
1023, 634
285, 160
736, 460
259, 194
300, 300
736, 399
275, 183
760, 446
225, 225
206, 244
300, 300
343, 183
1813, 854
829, 553
300, 300
1024, 731
300, 300
1024, 768
259, 194
304, 166
300, 300
568, 320
300, 300
300, 168
275, 183
278, 182
1920, 1278
300, 300
300, 300
300, 300
275, 183
220, 111
266, 190
300, 300
243, 207
1600, 1200
1024, 683
300, 168
1600, 1104
640, 426
1000, 667
300, 300
670, 442
300, 300
800, 449
300, 300
299, 168
300, 300
388, 260
300, 300
700, 370
750, 395
300, 300
2100, 1500
1280, 720
474, 355
900, 675
300, 300
300, 300
1600, 1200
300, 300
259, 195
300, 300
300, 300
300, 300
426, 282
300, 168
300, 300
1000, 667
300, 300
300, 300
720, 344
750, 498
259, 194
300, 300
9647, 3499
621, 414
600, 450
300, 300
300, 300
686, 386
413, 259
300, 300
300, 300
225, 225
300, 300
259, 194
925, 616
800, 600
222, 135
259, 194
300, 300
225, 225
251, 201
565, 376
3264, 2448
800, 600
275, 183
300, 300
275, 183
800, 600
300, 300
640, 480
275, 183
259, 194
275, 184
300, 168
1008, 454
300, 300
300, 300
600, 458
300, 300
3799, 1911
1600, 1200
259, 194
640, 459
275, 183
350, 250
300, 300
300, 300
318, 158
300, 300
300, 300
300, 300
300, 300
1000, 638
300, 300
300, 300
263, 174
275, 183
750, 563
300, 300
500, 317
1024, 768
300, 300
261, 193
300, 300
300, 300
300, 300
1024, 618
300, 300
1200, 664
300, 300
5184, 3456
280, 111
400, 300
280, 180
183, 275
259, 194
1280, 960
300, 300
300, 300
300, 300
500, 335
300, 300
300, 300
600, 344
300, 300
300, 300
300, 300
300, 300
300, 168
956, 612
183, 275
350, 303
474, 355
300, 300
650, 390
2042, 1361
300, 300
4032, 3024
276, 183
257, 162
970, 826
300, 300
725, 600
259, 194
1800, 1350
400, 265
265, 190
652, 441
299, 169
181, 278
1280, 720
287, 176
194, 259
300, 300
278, 182
299, 168
300, 300
1600, 1200
510, 339
275, 183
742, 555
640, 480
637, 586
300, 300
5760, 3840
300, 300
281, 179
800, 534
259, 194
300, 300
300, 300
600, 400
259, 194
275, 183
640, 395
676, 380
300, 300
300, 300
720, 540
225, 225
300, 300
300, 300
1023, 642
236, 168
300, 300
400, 320
175, 145
265, 172
750, 488
257, 196
300, 300
723, 376
194, 259
284, 177
300, 300
600, 401
300, 300
285, 177
300, 168
1024, 683
300, 300
950, 534
4928, 3264
277, 182
313, 209
1280, 960
300, 300
300, 300
287, 176
300, 300
1024, 683
300, 300
325, 486
275, 183
670, 502
307, 164
194, 259
1024, 682
259, 194
1280, 851
259, 194
300, 300
750, 389
550, 253
2161, 1749
300, 168
377, 133
194, 259
300, 168
800, 566
300, 300
300, 300
744, 636
276, 183
275, 183
4000, 2664
1023, 681
389, 257
225, 225
264, 171
300, 300
680, 510
450, 300
275, 183
300, 300
640, 387
1280, 720
295, 150
300, 300
300, 300
500, 300
300, 300
348, 145
450, 450
300, 300
300, 300
295, 194
298, 169
300, 300
300, 300
769, 455
2784, 1848
800, 600
1280, 720
500, 332
190, 266
500, 375
500, 333
984, 736
1132, 644
300, 300
220, 147
300, 300
300, 300
1236, 756
300, 300
992, 744
259, 194
1280, 720
800, 600
275, 183
300, 300
225, 225
266, 190
299, 168
1024, 705
259, 194
300, 168
300, 300
271, 186
259, 194
300, 300
891, 317
288, 175
300, 300
300, 300
300, 300
300, 300
300, 168
2400, 1561
300, 300
300, 300
300, 300
300, 300
300, 300
300, 300
275, 183
300, 168
259, 194
258, 196
300, 300
275, 183
300, 300
300, 300
300, 300
275, 183
1280, 720
540, 345
275, 183
618, 360
299, 169
450, 300
300, 300
300, 300
300, 300
300, 300
194, 259
300, 300
250, 187
259, 194
300, 168
1920, 1080
300, 300
1280, 720
1280, 720
474, 255
736, 399
300, 300
300, 300
768, 405
640, 433
300, 300
612, 612
275, 183
1280, 720
300, 300
244, 183
600, 400
1280, 720
700, 466
300, 300
300, 300
300, 300
300, 300
300, 300
275, 166
1024, 768
300, 300
1600, 1200
3264, 2448
300, 300
2560, 1440
259, 194
852, 480
308, 164
274, 184
1200, 793
275, 183
300, 300
300, 199
4032, 3024
300, 300
300, 300
275, 183
275, 183
1024, 643
275, 183
620, 465
297, 170
300, 300
600, 416
300, 300
290, 174
720, 480
300, 300
291, 173
300, 168
300, 300
1280, 720
300, 168
1280, 720
263, 192
280, 180
500, 312
767, 509
299, 168
600, 397
450, 300
300, 300
900, 502
800, 534
300, 300
300, 300
289, 174
300, 168
275, 183
1280, 720
300, 168
790, 554
300, 300
288, 175
300, 300
300, 300
300, 300
3000, 2000
754, 592
263, 176
418, 314
3504, 2336
724, 491
800, 600
270, 170
1600, 1200
300, 300
300, 300
300, 300
320, 213
264, 191
600, 450
1250, 938
552, 211
2520, 1800
268, 188
640, 478
500, 400
300, 300
300, 168
300, 300
600, 339
1920, 1080
300, 300
300, 300
275, 183
300, 300
300, 300
1280, 682
259, 194
1698, 1208
300, 300
284, 177
496, 300
300, 168
400, 223
275, 183
696, 390
4608, 3456
788, 579
300, 300
284, 177
276, 183
259, 194
1280, 720
840, 522
600, 400
275, 183
293, 172
275, 183
689, 412
1024, 683
800, 599
300, 168
389, 252
325, 155
300, 300
275, 183
318, 159
262, 193
1123, 627
300, 300
300, 300
300, 300
550, 335
284, 177
720, 405
275, 183
284, 177
1072, 926
300, 300
1600, 1063
259, 194
292, 199
1280, 720
300, 300
1920, 1080
881, 493
800, 600
300, 300
996, 509
600, 450
1024, 620
259, 194
700, 400
300, 300
284, 177
750, 500
300, 168
310, 163
300, 168
1024, 683
259, 194
275, 183
300, 300
2983, 1820
1280, 720
317, 159
300, 300
293, 172
300, 300
189, 267
300, 300
300, 300
300, 168
640, 427
300, 300
293, 172
1200, 796
940, 467
300, 300
300, 300
300, 300
300, 300
276, 183
1280, 720
257, 164
300, 300
800, 600
1687, 1228
1280, 852
600, 400
293, 172
512, 360
268, 188
1200, 900
300, 168
1024, 683
800, 492
300, 300
300, 300
300, 300
700, 523
256, 162
194, 259
1200, 901
1080, 720
225, 225
259, 194
1200, 675
300, 168
793, 493
300, 300
280, 180
820, 410
275, 183
275, 183
1920, 1080
300, 300
1680, 945
300, 300
260, 194
1280, 720
235, 214
259, 194
300, 300
1445, 1084
300, 300
300, 300
400, 266
964, 613
299, 168
300, 300
300, 300
300, 300
300, 300
300, 300
269, 187
1024, 709
259, 194
300, 300
300, 200
300, 300
300, 300
300, 300
259, 194
225, 225
275, 183
275, 183
900, 600
243, 208
300, 300
1080, 555
293, 172
1600, 1194
300, 168
275, 183
300, 300
910, 569
300, 300
300, 168
600, 400
300, 168
300, 300
465, 345
259, 194
275, 183
300, 300
300, 300
341, 148
259, 194
271, 186
1200, 850
300, 300
640, 480
266, 190
626, 416
259, 194
275, 183
720, 480
274, 184
280, 180
300, 168
300, 300
300, 300
300, 300
320, 200
275, 183
275, 183
3648, 2736
225, 225
1240, 697
300, 300
636, 447
300, 300
300, 300
300, 300
1200, 465
300, 300
300, 168
318, 159
1280, 720
275, 183
300, 300
300, 300
640, 425
691, 428
888, 592
300, 300
500, 332
450, 300
300, 168
300, 300
500, 375
300, 300
276, 183
705, 375
298, 169
250, 113
445, 135
1300, 602
480, 342
286, 156
300, 300
300, 300
960, 448
1280, 720
298, 169
266, 190
640, 360
300, 300
300, 300
885, 596
2833, 1921
275, 183
300, 300
300, 300
300, 168
1920, 1080
300, 300
218, 214
275, 183
299, 168
330, 383
275, 183
259, 194
271, 186
750, 422
300, 300
400, 334
300, 300
800, 594
300, 300
300, 300
300, 300
2560, 1700
900, 600
300, 300
1100, 825
269, 166
275, 183
1024, 731
577, 456
958, 719
259, 195
300, 300
300, 300
300, 168
225, 225
1152, 864
800, 525
300, 300
300, 300
300, 300
1024, 683
945, 552
1920, 1080
1000, 577
259, 194
276, 183
275, 183
736, 449
300, 300
259, 194
273, 184
300, 300
300, 300
275, 183
680, 510
300, 300
300, 300
321, 157
300, 300
275, 183
300, 300
450, 298
500, 334
290, 150
1024, 768
2823, 1691
300, 300
640, 429
4032, 3024
250, 201
275, 183
305, 165
299, 168
259, 194
300, 300
300, 300
281, 180
300, 300
300, 300
261, 193
1024, 533
1000, 670
600, 315
297, 170
1280, 720
275, 183
2048, 1365
300, 300
390, 351
302, 167
300, 300
600, 399
300, 300
296, 170
300, 300
1280, 720
299, 168
251, 201
500, 281
284, 177
257, 320
275, 183
5983, 3066
275, 183
259, 194
275, 183
300, 300
300, 300
300, 300
224, 224
300, 300
498, 258
275, 183
300, 300
300, 168
300, 300
300, 300
300, 300
700, 525
278, 181
300, 300
300, 300
277, 150
300, 168
932, 536
300, 300
1280, 720
516, 796
276, 183
312, 162
275, 183
1024, 568
300, 300
643, 361
275, 183
800, 600
300, 300
1080, 528
300, 168
300, 300
1024, 683
300, 300
275, 183
300, 300
280, 280
640, 325
300, 300
266, 190
894, 604
275, 183
300, 300
5500, 3599
275, 183
300, 225
271, 186
300, 300
300, 300
450, 300
300, 300
300, 300
300, 168
300, 300
300, 300
300, 300
300, 300
300, 300
499, 333
300, 300
273, 184
453, 301
300, 300
300, 300
300, 300
300, 168
300, 300
259, 194
640, 480
4032, 3024
300, 300
259, 194
300, 300
300, 300
251, 201
275, 183
300, 300
1280, 720
300, 300
300, 300
450, 300
1024, 683
800, 533
1200, 900
626, 417
199, 110
400, 300
300, 300
1600, 1200
540, 361
300, 300
300, 214
275, 183
1600, 1200
300, 300
1108, 705
275, 183
552, 368
283, 178
960, 720
400, 293
300, 300
259, 194
300, 300
1012, 573
300, 168
300, 300
212, 147
1600, 1071
300, 300
300, 300
310, 162
300, 300
330, 153
295, 171
275, 183
300, 300
290, 174
300, 300
300, 300
500, 375
300, 300
1329, 891
800, 600
300, 300
900, 675
792, 556
300, 300
294, 171
300, 300
1920, 1200
570, 407
259, 194
300, 300
300, 300
300, 300
300, 225
500, 375
300, 300
474, 355
194, 259
320, 213
300, 300
300, 300
259, 194
279, 180
235, 214
275, 183
300, 300
300, 300
1200, 800
287, 176
300, 300
300, 300
300, 300
2000, 1500
275, 183
5549, 3121
1152, 864
1280, 720
900, 600
300, 300
960, 540
1280, 853
284, 177
1920, 1080
275, 183
300, 300
499, 333
1200, 694
275, 183
500, 277
300, 300
800, 505
731, 489
1280, 720
1600, 1200
300, 300
261, 193
640, 346
545, 300
1280, 720
640, 436
225, 225
135, 187
950, 582
296, 170
700, 398
300, 300
276, 183
2119, 1414
195, 259
275, 183
189, 267
259, 194
225, 225
300, 300
300, 300
1920, 1200
1280, 720
1024, 681
260, 172
260, 194
800, 491
2000, 1333
288, 175
225, 225
440, 222
800, 533
246, 162
300, 300
640, 480
253, 143
800, 418
1022, 662
300, 300
1280, 720
275, 183
262, 192
275, 183
278, 181
194, 259
300, 300
300, 300
4000, 2666
1800, 1200
241, 209
500, 500
300, 300
300, 300
960, 625
277, 182
1280, 720
300, 300
1600, 1081
1280, 959
300, 300
1280, 720
300, 300
269, 187
300, 168
870, 653
1436, 1042
728, 478
300, 300
299, 168
300, 300
400, 225
267, 189
443, 361
259, 194
312, 162
225, 225
2560, 1600
1920, 1280
259, 194
299, 168
1934, 1117
275, 183
864, 570
300, 300
259, 194
310, 220
267, 189
900, 600
300, 300
287, 176
259, 194
300, 300
297, 170
300, 300
1127, 750
318, 175
370, 246
1280, 720
300, 300
317, 256
300, 300
300, 300
480, 270
259, 194
500, 304
4032, 3024
259, 194
301, 168
800, 445
280, 180
300, 300
474, 270
300, 300
1632, 1224
300, 300
979, 574
750, 469
300, 300
275, 183
300, 300
300, 300
300, 300
300, 300
290, 174
225, 225
1400, 933
300, 300
275, 183
300, 300
300, 300
300, 300
276, 183
300, 300
489, 426
640, 480
300, 168
306, 165
300, 300
400, 233
300, 300
865, 486
275, 183
1580, 1048
300, 300
584, 416
300, 300
852, 480
2042, 1361
300, 300
300, 300
300, 300
310, 248
300, 300
720, 417
550, 413
275, 183
298, 169
300, 300
500, 332
300, 300
275, 183
259, 194
300, 300
300, 300
259, 194
259, 194
480, 334
259, 194
300, 300
300, 300
852, 480
1200, 676
362, 139
357, 218
300, 300
300, 300
300, 168
400, 300
2539, 1282
300, 300
300, 300
4928, 3264
300, 300
300, 300
275, 183
960, 544
280, 157
300, 300
850, 623
275, 183
300, 300
800, 600
474, 316
300, 300
300, 300
300, 300
275, 183
267, 189
299, 168
619, 348
300, 300
300, 300
960, 544
300, 300
380, 200
315, 315
300, 300
300, 300
225, 225
640, 480
240, 180
719, 719
600, 400
846, 544
1600, 1200
2048, 1536
300, 300
300, 300
1280, 720
732, 471
300, 300
1200, 797
1024, 768
277, 182
300, 300
600, 600
573, 463
720, 450
425, 523
398, 218
1080, 1080
273, 185
275, 183
254, 144
300, 168
264, 191
300, 300
259, 194
274, 184
300, 300
700, 466
600, 400
318, 159
800, 600
600, 350
1200, 850
287, 175
265, 171
300, 300
277, 371
600, 450
300, 300
271, 186
300, 300
300, 300
259, 194
278, 181
300, 300
300, 300
300, 300
300, 300
300, 300
300, 300
300, 300
2100, 1391
1200, 800
1200, 800
300, 300
360, 240
300, 300
300, 300
249, 203
300, 300
300, 300
300, 300
298, 130
500, 344
300, 300
225, 225
389, 129
300, 300
271, 186
267, 189
262, 165
260, 194
300, 300
300, 300
500, 300
300, 300
680, 454
300, 168
1280, 720
300, 300
960, 544
300, 300
1000, 667
1024, 731
240, 180
300, 300
300, 168
300, 300
2560, 1440
300, 300
600, 600
300, 168
300, 300
1200, 583
300, 300
275, 183
300, 300
960, 448
300, 300
300, 300
300, 300
259, 194
300, 300
300, 300
500, 375
300, 300
287, 176
800, 486
300, 300
980, 652
300, 300
500, 317
272, 185
1024, 576
285, 159
188, 268
300, 300
2560, 1707
300, 300
640, 427
750, 403
259, 194
273, 184
300, 300
1024, 768
299, 168
300, 300
300, 300
300, 300
300, 300
640, 428
680, 356
1024, 683
300, 300
299, 168
300, 300
640, 480
574, 820
315, 160
300, 300
299, 168
300, 168
183, 275
300, 168
264, 174
300, 168
300, 168
940, 529
300, 300
249, 145
283, 178
275, 183
300, 300
300, 300
300, 300
1280, 720
800, 600
291, 173
550, 384
600, 450
275, 183
510, 382
300, 168
300, 300
345, 146
259, 194
259, 194
474, 315
300, 300
300, 300
300, 300
626, 469
854, 480
650, 488
300, 168
320, 200
300, 300
275, 183
710, 400
300, 300
720, 480
500, 376
1280, 960
300, 300
2560, 1920
540, 720
300, 300
300, 300
300, 300
300, 300
297, 170
300, 300
259, 194
620, 412
300, 300
800, 640
1280, 720
450, 300
300, 300
182, 276
1024, 667
1473, 922
1174, 846
300, 300
480, 360
1024, 600
1275, 903
285, 177
3897, 2000
720, 409
600, 337
300, 300
299, 168
300, 168
450, 300
300, 300
300, 300
275, 183
342, 147
922, 562
225, 224
480, 474
300, 300
1250, 724
300, 300
1400, 933
365, 261
640, 480
300, 300
275, 184
300, 300
275, 183
300, 300
299, 168
1128, 500
275, 183
300, 300
1024, 632
300, 300
300, 300
275, 183
259, 194
720, 478
278, 181
770, 419
1024, 682
484, 374
300, 300
225, 225
289, 175
750, 422
299, 169
1024, 575
1600, 1074
300, 200
284, 177
600, 400
300, 300
236, 199
300, 300
300, 300
597, 399
300, 300
1024, 768
320, 240
259, 194
960, 448
325, 155
276, 183
300, 300
259, 194
275, 183
300, 300
259, 194
1024, 556
760, 459
799, 450
300, 300
300, 300
300, 300
297, 170
1387, 784
1280, 720
4618, 3071
300, 200
300, 300
225, 225
300, 300
1920, 1282
1920, 1080
1295, 680
1024, 768
689, 517
300, 300
1024, 683
1240, 930
300, 300
300, 168
389, 129
2560, 1920
299, 168
300, 300
650, 380
957, 706
980, 699
259, 194
300, 300
300, 168
300, 300
706, 531
780, 440
300, 300
275, 183
300, 168
1107, 553
1066, 800
275, 183
1280, 720
275, 183
301, 168
300, 300
259, 194
259, 194
300, 300
225, 225
1024, 678
300, 300
300, 300
299, 168
300, 300
982, 627
510, 680
231, 159
275, 183
300, 300
300, 168
300, 300
264, 191
286, 176
236, 314
300, 168
300, 300
300, 300
300, 300
300, 300
251, 201
259, 194
275, 183
300, 300
299, 168
1024, 704
800, 600
400, 238
275, 183
300, 300
300, 300
300, 300
300, 300
300, 300
1420, 800
325, 222
292, 173
300, 300
2048, 1366
1280, 720
300, 300
1200, 901
800, 521
275, 183
300, 300
300, 168
600, 300
1024, 768
1600, 1200
286, 151
281, 179
300, 300
806, 537
275, 183
388, 258
300, 300
275, 183
639, 411
300, 300
300, 300
300, 300
300, 300
500, 313
300, 300
1000, 665
766, 581
600, 400
1020, 677
275, 183
259, 194
320, 240
280, 180
261, 220
300, 300
300, 300
1920, 1080
1920, 1071
1024, 768
300, 300
387, 245
318, 159
960, 448
1200, 740
300, 300
709, 449
670, 400
860, 573
200, 200
301, 168
300, 300
1600, 1050
728, 410
300, 300
320, 214
1024, 768
791, 527
900, 617
947, 722
300, 300
509, 217
266, 190
220, 293
275, 183
625, 444
1280, 720
300, 300
486, 399
264, 174
275, 183
275, 183
300, 300
795, 481
2662, 1996
248, 167
300, 300
313, 209
300, 300
960, 720
282, 179
275, 183
266, 190
259, 195
300, 300
275, 183
1600, 1079
400, 300
300, 300
1280, 720
300, 300
300, 300
300, 300
1000, 750
1600, 1049
627, 312
1905, 1098
185, 124
299, 168
1920, 1080
275, 183
4032, 3024
950, 575
194, 259
1024, 683
275, 183
300, 300
300, 300
300, 300
251, 201
683, 385
1200, 800
300, 300
300, 300
2048, 1536
300, 300
282, 179
259, 194
300, 300
275, 183
300, 300
450, 300
550, 335
328, 154
266, 190
800, 533
825, 589
611, 472
650, 347
300, 300
852, 480
259, 194
300, 300
2048, 1365
1504, 1000
300, 300
615, 461
300, 300
1024, 768
378, 230
298, 169
300, 300
4000, 2554
300, 300
1200, 711
300, 300
259, 194
1024, 661
378, 338
680, 510
300, 300
300, 300
550, 366
980, 553
640, 481
1000, 667
300, 300
297, 170
300, 300
401, 246
300, 300
358, 255
275, 183
300, 168
300, 300
200, 200
600, 450
300, 300
300, 300
300, 300
993, 498
748, 374
300, 300
800, 450
300, 300
369, 136
290, 174
1200, 802
960, 544
285, 177
1600, 1065
275, 183
300, 168
300, 300
450, 321
300, 300
203, 249
259, 194
800, 511
273, 170
194, 260
300, 300
993, 401
300, 300
259, 194
1280, 720
471, 268
499, 334
921, 572
436, 250
1024, 768
300, 300
225, 225
300, 168
300, 300
300, 300
342, 479
653, 408
285, 177
404, 230
690, 517
800, 532
300, 300
1600, 1200
1280, 720
270, 187
249, 220
274, 184
500, 307
1280, 1027
1280, 853
259, 194
1024, 819
300, 300
300, 300
300, 300
670, 408
259, 194
291, 218
300, 300
301, 167
251, 187
689, 517
984, 579
1023, 731
300, 168
1024, 768
300, 300
4288, 3216
300, 300
460, 257
262, 192
300, 300
1000, 656
1600, 1062
480, 480
259, 194
1440, 1079
300, 300
300, 300
800, 534
276, 183
529, 836
217, 232
800, 507
300, 300
300, 300
1126, 848
300, 300
300, 300
300, 300
284, 177
275, 183
275, 183
194, 259
299, 168
845, 440
300, 300
300, 300
259, 194
300, 300
318, 159
392, 280
400, 268
259, 194
300, 300
800, 607
612, 612
300, 300
500, 314
275, 183
300, 300
1280, 720
300, 300
275, 183
275, 183
300, 300
300, 300
500, 281
3000, 2000
1280, 716
300, 300
300, 300
300, 300
135, 230
300, 300
291, 173
259, 195
275, 183
225, 225
225, 225
800, 571
600, 388
420, 226
320, 157
474, 266
1080, 851
275, 183
500, 299
300, 300
300, 168
300, 300
300, 300
799, 434
300, 300
1280, 960
627, 328
300, 300
1019, 620
1280, 720
852, 480
740, 411
300, 300
2080, 1170
300, 300
259, 194
225, 225
323, 156
570, 370
3264, 1836
300, 300
1600, 1200
275, 183
300, 168
300, 300
300, 300
1920, 1280
275, 183
300, 300
1152, 768
1276, 847
300, 300
437, 316
800, 600
300, 300
1200, 900
800, 533
526, 491
300, 300
300, 300
300, 300
1200, 800
300, 168
297, 170
274, 184
269, 187
259, 194
800, 450
300, 300
300, 300
300, 300
750, 440
1280, 720
300, 300
300, 168
300, 300
300, 300
760, 570
1280, 853
300, 300
600, 400
300, 300
300, 168
637, 454
466, 333
800, 533
3840, 2592
300, 300
260, 194
640, 422
270, 148
1280, 959
264, 215
326, 245
299, 168
1000, 750
300, 300
180, 180
259, 194
300, 300
170, 200
300, 225
500, 333
1700, 1133
259, 194
275, 183
183, 275
581, 478
499, 333
300, 300
310, 300
500, 375
300, 300
300, 300
259, 194
300, 300
690, 370
300, 300
297, 170
320, 240
295, 171
300, 300
210, 146
1200, 600
360, 270
1280, 720
431, 117
250, 201
306, 165
420, 470
768, 432
640, 480
530, 353
988, 741
400, 262
279, 181
3280, 2460
283, 115
300, 300
225, 225
285, 177
276, 182
1280, 960
259, 194
300, 300
391, 129
300, 300
650, 488
1920, 1080
1920, 1081
1280, 720
640, 362
300, 300
1200, 800
225, 225
800, 600
300, 300
275, 183
268, 188
1600, 1035
1024, 681
681, 1024
853, 480
300, 300
275, 183
299, 168
215, 154
1920, 1080
468, 264
291, 173
320, 200
300, 300
600, 429
179, 229
450, 300
300, 300
700, 466
1280, 853
862, 600
480, 270
259, 194
300, 300
300, 300
300, 168
300, 300
300, 300
300, 300
4288, 2848
1280, 853
266, 190
480, 268
300, 300
400, 195
275, 183
1000, 667
1024, 768
280, 180
277, 182
260, 194
300, 300
300, 300
281, 179
290, 174
640, 480
282, 178
971, 568
300, 300
320, 240
275, 183
1280, 720
259, 194
225, 225
315, 160
800, 600
1024, 628
300, 300
259, 194
768, 540
400, 256
300, 300
524, 393
276, 183
300, 300
300, 300
300, 300
300, 168
800, 598
275, 183
1280, 720
305, 183
640, 406
824, 552
750, 517
550, 309
300, 300
310, 163
300, 300
1024, 683
267, 189
1920, 1080
228, 111
735, 413
300, 300
400, 300
600, 364
275, 183
1280, 960
279, 181
1024, 729
276, 183
277, 170
300, 300
284, 177
300, 300
2592, 1936
300, 300
259, 194
300, 300
300, 300
750, 422
300, 300
269, 187
300, 300
300, 300
1024, 768
300, 300
242, 208
285, 177
275, 183
287, 176
299, 168
1104, 737
275, 183
1200, 900
1024, 739
275, 183
300, 300
300, 300
183, 275
300, 300
1200, 800
800, 600
1280, 720
2560, 1440
320, 240
278, 181
300, 300
300, 300
300, 300
797, 478
274, 184
300, 300
300, 300
273, 185
2304, 1536
1200, 400
1280, 720
262, 192
300, 300
300, 300
960, 448
259, 195
300, 300
300, 300
221, 147
236, 168
800, 534
710, 444
1600, 1200
1280, 720
275, 183
300, 300
500, 375
800, 600
400, 250
300, 300
1000, 750
274, 184
300, 300
360, 536
300, 300
860, 573
305, 165
298, 168
2000, 1110
300, 300
300, 300
940, 626
259, 194
1099, 737
275, 183
300, 300
768, 584
275, 183
252, 200
480, 268
300, 300
300, 300
300, 300
268, 188
297, 152
300, 300
1920, 1080
812, 456
300, 300
300, 300
1920, 1080
1176, 659
1811, 886
300, 300
300, 300
500, 375
851, 315
860, 617
284, 177
300, 300
318, 167
1280, 720
960, 448
259, 194
474, 279
500, 273
300, 300
300, 300
300, 168
279, 181
300, 168
2000, 1125
259, 194
300, 300
300, 300
650, 434
309, 163
300, 300
300, 300
259, 194
300, 300
275, 183
279, 181
278, 181
750, 500
206, 248
321, 157
259, 194
300, 300
2560, 1707
300, 168
259, 194
300, 300
660, 438
275, 184
1024, 683
297, 170
300, 300
666, 539
259, 194
300, 300
300, 300
300, 300
311, 162
259, 194
700, 466
300, 300
553, 366
1024, 678
300, 300
1200, 900
965, 594
300, 168
3665, 2438
299, 168
300, 300
1200, 796
300, 300
300, 300
881, 598
853, 480
570, 425
259, 194
300, 300
2000, 1333
300, 300
275, 183
259, 194
300, 300
300, 300
300, 168
424, 300
360, 240
400, 249
300, 300
300, 300
300, 300
300, 300
259, 194
300, 300
900, 532
259, 194
300, 300
1920, 1080
1024, 768
285, 177
721, 490
150, 112
1016, 631
300, 300
259, 194
1024, 768
300, 300
1024, 685
300, 300
1440, 807
300, 300
1000, 659
282, 179
300, 300
275, 183
385, 254
800, 534
300, 300
1000, 732
300, 300
1280, 720
399, 266
650, 400
1280, 720
1600, 1200
438, 167
620, 465
800, 534
275, 184
259, 194
300, 168
262, 173
300, 300
1024, 683
240, 134
300, 300
275, 183
225, 225
1280, 720
300, 300
183, 275
300, 300
748, 498
259, 194
300, 300
300, 300
300, 300
300, 300
2560, 1440
1536, 1024
1024, 768
590, 391
300, 300
300, 300
640, 390
300, 300
288, 175
275, 183
275, 183
300, 300
259, 194
259, 194
300, 300
1024, 768
261, 171
1024, 768
300, 300
300, 300
621, 414
284, 177
300, 300
507, 289
424, 314
1022, 826
780, 583
259, 195
745, 427
1000, 562
300, 300
800, 563
300, 300
300, 300
748, 504
300, 235
300, 225
960, 544
300, 300
274, 184
807, 605
259, 194
1019, 640
387, 254
960, 720
1024, 768
300, 300
1500, 500
975, 600
300, 168
300, 300
300, 168
755, 453
275, 183
800, 600
300, 300
275, 183
516, 440
275, 183
266, 190
275, 183
225, 225
1200, 800
275, 183
300, 300
300, 300
400, 374
500, 333
183, 275
640, 468
201, 251
650, 422
621, 414
1024, 731
1800, 1140
265, 169
300, 300
318, 159
1024, 768
300, 300
1000, 634
259, 194
640, 427
300, 300
300, 300
1280, 720
852, 480
960, 717
450, 299
281, 179
1024, 768
300, 300
300, 300
300, 300
266, 190
300, 168
1024, 685
275, 183
3112, 1969
300, 300
271, 186
400, 266
300, 300
1600, 900
259, 194
300, 300
275, 183
1600, 1066
300, 300
300, 300
1024, 683
259, 194
300, 300
1600, 1200
1280, 861
600, 400
500, 375
263, 173
793, 533
300, 168
1920, 1223
300, 300
960, 448
275, 183
275, 183
699, 464
275, 183
252, 200
2500, 1562
300, 168
259, 194
259, 194
528, 347
259, 194
800, 600
1023, 683
300, 300
300, 300
370, 251
335, 223
1600, 1097
550, 345
300, 168
1024, 768
640, 480
300, 300
1920, 1080
1024, 768
275, 183
300, 300
300, 300
300, 300
921, 482
300, 300
500, 375
300, 300
300, 300
275, 183
275, 183
300, 300
400, 266
1280, 720
300, 300
336, 252
1280, 720
275, 183
275, 183
300, 168
300, 300
700, 466
1920, 666
300, 300
792, 566
312, 161
960, 544
300, 300
639, 424
222, 227
229, 220
250, 180
800, 409
300, 300
300, 300
300, 300
1000, 563
275, 183
300, 300
300, 300
4032, 3024
275, 183
669, 446
293, 172
968, 573
1600, 1199
259, 194
300, 300
540, 540
750, 500
300, 300
264, 173
1024, 634
480, 382
300, 300
300, 300
275, 183
300, 300
720, 405
1024, 699
292, 173
180, 190
300, 300
300, 168
2048, 1536
300, 300
320, 240
1440, 600
276, 183
3872, 2592
300, 300
276, 183
580, 580
300, 300
300, 300
274, 184
300, 300
300, 300
300, 300
300, 300
305, 165
259, 194
259, 195
1176, 739
300, 168
259, 194
912, 684
326, 154
1024, 677
1280, 960
1169, 1030
960, 720
284, 177
259, 194
300, 300
275, 183
935, 570
275, 183
323, 292
300, 168
259, 194
300, 168
275, 183
212, 238
314, 160
780, 272
300, 300
300, 300
1800, 1200
1200, 551
300, 300
275, 183
222, 158
300, 300
300, 300
800, 600
271, 147
321, 254
300, 300
300, 168
225, 189
1280, 720
275, 183
300, 300
300, 300
1300, 867
300, 168
300, 300
194, 259
300, 300
300, 300
259, 194
300, 300
300, 300
660, 330
300, 300
300, 300
300, 300
275, 183
259, 194
358, 360
300, 300
300, 300
300, 300
300, 300
300, 300
600, 364
275, 183
1280, 720
300, 300
300, 300
300, 300
300, 300
243, 157
300, 300
300, 300
670, 503
300, 300
300, 300
505, 321
427, 240
385, 323
300, 300
932, 609
800, 600
300, 300
298, 169
300, 300
300, 168
1024, 768
413, 122
300, 300
300, 300
275, 183
550, 413
275, 183
940, 400
300, 168
300, 168
300, 300
300, 300
1000, 667
798, 587
300, 300
1280, 720
276, 183
2048, 1363
920, 611
300, 300
750, 422
3508, 2339
300, 300
275, 183
640, 428
4196, 2560
300, 300
300, 300
300, 300
300, 168
318, 159
600, 600
266, 189
1280, 720
300, 300
1269, 665
300, 225
598, 427
1010, 568
275, 183
1024, 683
800, 599
300, 300
1920, 1080
917, 615
1563, 897
640, 480
1024, 683
272, 168
300, 300
300, 300
275, 183
241, 209
256, 197
275, 183
300, 300
1051, 680
1920, 1080
1920, 1085
259, 194
780, 470
1079, 760
1620, 1080
313, 161
300, 300
474, 338
300, 300
300, 300
1280, 720
300, 168
183, 275
821, 540
300, 300
300, 300
300, 300
274, 184
450, 375
500, 333
290, 174
1280, 720
619, 404
1039, 537
640, 480
225, 225
275, 183
1280, 960
284, 177
1200, 799
922, 610
300, 300
300, 300
275, 183
300, 300
600, 900
198, 254
300, 201
768, 1024
1280, 720
640, 480
320, 320
251, 201
300, 300
1280, 720
388, 259
275, 183
474, 355
1280, 720
318, 159
259, 194
300, 300
820, 544
500, 332
2000, 1331
276, 183
1600, 1143
300, 168
1280, 720
327, 246
289, 166
300, 300
300, 300
287, 176
300, 300
259, 194
703, 328
269, 169
252, 156
332, 255
300, 300
300, 300
253, 199
400, 400
770, 433
300, 300
1200, 675
1189, 478
300, 300
264, 175
1280, 720
1024, 724
3000, 2000
256, 178
550, 327
275, 360
700, 400
225, 225
830, 554
300, 300
4640, 2610
1280, 960
1068, 800
300, 300
259, 194
280, 180
2500, 1743
257, 142
278, 181
300, 300
259, 194
789, 460
300, 300
300, 300
800, 600
1169, 799
259, 194
284, 178
300, 300
917, 688
960, 544
225, 225
279, 181
225, 225
800, 533
300, 300
600, 337
259, 194
1920, 1080
558, 300
300, 300
225, 225
259, 194
1000, 667
300, 300
480, 318
450, 300
300, 300
300, 300
300, 300
800, 600
300, 300
1280, 720
300, 300
300, 300
327, 154
450, 301
300, 300
300, 300
225, 225
328, 154
300, 300
300, 300
800, 531
300, 300
1024, 677
275, 183
300, 300
300, 300
1024, 730
171, 294
273, 168
912, 573
925, 616
275, 183
287, 176
320, 157
300, 168
275, 183
800, 564
548, 426
265, 190
300, 300
300, 300
300, 300
696, 463
300, 300
960, 717
450, 220
300, 300
300, 168
276, 183
1800, 1013
300, 300
300, 300
275, 183
230, 219
294, 221
309, 163
300, 300
800, 581
389, 249
300, 212
300, 300
300, 300
275, 183
300, 300
176, 221
275, 183
275, 183
550, 412
260, 194
500, 155
300, 300
300, 300
300, 300
287, 176
400, 300
1280, 960
305, 165
300, 300
950, 526
259, 194
300, 300
300, 300
587, 326
275, 183
1150, 800
1280, 960
244, 177
580, 446
474, 355
276, 183
300, 300
260, 194
300, 300
275, 183
300, 300
392, 393
259, 194
1222, 816
182, 259
300, 168
474, 474
345, 146
300, 300
4000, 2248
300, 300
491, 397
300, 300
181, 261
275, 183
1000, 567
216, 150
1280, 848
300, 300
286, 176
258, 196
300, 300
300, 300
232, 149
259, 194
350, 131
300, 300
300, 300
300, 300
217, 177
600, 450
804, 536
750, 500
427, 272
1400, 933
300, 300
300, 168
300, 300
667, 500
260, 194
300, 168
300, 300
300, 300
300, 300
300, 300
800, 600
728, 546
300, 300
284, 177
474, 316
775, 519
1280, 853
1280, 720
259, 194
695, 521
480, 268
300, 168
300, 300
1280, 720
275, 183
259, 194
300, 300
249, 202
259, 194
275, 183
300, 300
300, 300
300, 168
499, 313
300, 300
275, 183
300, 300
314, 161
247, 185
300, 300
400, 267
300, 300
300, 300
430, 319
318, 159
300, 168
292, 172
500, 246
700, 370
251, 201
300, 300
305, 165
300, 214
300, 300
626, 417
1280, 720
300, 300
264, 191
1080, 810
268, 188
300, 300
300, 300
225, 225
300, 300
300, 168
275, 183
275, 183
300, 300
320, 211
283, 178
778, 404
259, 194
833, 502
300, 168
300, 300
225, 225
189, 233
300, 300
1280, 720
300, 225
300, 300
900, 360
800, 600
645, 426
300, 168
263, 170
550, 412
300, 300
275, 183
300, 300
300, 300
300, 300
300, 300
1280, 720
300, 168
4515, 3021
300, 300
264, 175
225, 225
300, 300
640, 420
291, 173
300, 300
301, 168
1040, 426
540, 360
449, 390
286, 144
300, 300
300, 300
259, 194
300, 300
474, 355
300, 168
300, 168
199, 253
279, 181
1280, 720
700, 525
300, 300
275, 183
300, 300
640, 480
275, 183
1600, 1000
225, 225
275, 183
450, 300
300, 168
1600, 1200
640, 232
948, 466
275, 183
620, 349
1024, 768
950, 634
300, 300
300, 300
259, 194
894, 578
260, 194
1024, 577
275, 169
640, 480
299, 168
1024, 683
800, 532
734, 311
255, 184
300, 300
1280, 853
300, 300
960, 544
300, 300
2592, 1944
309, 163
310, 163
2048, 1365
299, 168
300, 300
300, 300
264, 191
300, 300
225, 225
480, 330
300, 300
300, 300
1600, 1172
3840, 2160
272, 186
640, 416
974, 658
300, 300
755, 505
1600, 900
300, 300
860, 553
300, 300
266, 190
1800, 1100
194, 259
1140, 450
300, 300
1032, 774
300, 300
1024, 576
299, 168
300, 300
300, 300
554, 369
1030, 570
278, 181
600, 315
527, 395
480, 270
1024, 767
300, 300
300, 300
259, 194
2000, 1333
741, 491
300, 300
300, 300
286, 176
1000, 600
300, 300
300, 300
735, 551
259, 194
259, 194
300, 300
800, 416
400, 300
300, 300
300, 300
1920, 1080
900, 675
840, 384
287, 175
740, 484
1024, 731
494, 363
932, 700
1977, 1318
300, 300
1920, 1080
1920, 1080
259, 194
300, 300
268, 167
300, 300
248, 177
880, 577
626, 352
300, 300
257, 196
300, 300
1000, 541
300, 300
299, 168
300, 300
550, 369
275, 183
297, 170
284, 177
300, 300
300, 168
903, 660
300, 300
500, 389
307, 164
1200, 795
300, 300
160, 123
300, 168
1280, 720
300, 300
300, 300
1365, 1024
1280, 720
330, 153
392, 128
300, 300
259, 194
277, 182
279, 181
600, 400
853, 480
800, 596
300, 300
1600, 1200
381, 252
300, 300
300, 300
300, 300
300, 300
720, 540
259, 194
277, 182
300, 300
620, 400
400, 400
280, 180
299, 168
300, 300
215, 147
275, 183
332, 249
145, 193
300, 300
300, 300
1280, 720
2100, 1536
300, 300
1280, 720
599, 399
276, 183
301, 168
1920, 1080
300, 300
300, 300
970, 466
300, 300
300, 300
1080, 810
240, 134
400, 300
253, 199
300, 300
300, 300
300, 300
640, 480
300, 300
300, 300
2464, 869
272, 185
2592, 1944
300, 300
300, 168
300, 300
500, 375
300, 300
300, 300
460, 374
300, 300
319, 213
776, 517
277, 182
508, 339
300, 300
259, 194
1024, 731
1280, 720
300, 300
967, 500
300, 168
2580, 1932
248, 203
1801, 1177
259, 194
300, 300
763, 509
275, 183
300, 168
300, 300
275, 183
300, 300
353, 254
925, 616
361, 234
1024, 677
480, 334
1024, 671
300, 300
1024, 700
540, 360
760, 570
284, 177
300, 300
275, 183
319, 213
1000, 613
259, 194
290, 174
279, 180
300, 300
240, 135
300, 300
1087, 715
200, 200
1332, 850
300, 300
290, 174
300, 300
300, 300
275, 183
275, 183
1280, 720
300, 300
300, 300
300, 300
527, 395
300, 300
300, 300
300, 300
275, 183
300, 300
640, 480
300, 300
384, 251
300, 300
679, 841
260, 194
300, 300
300, 300
740, 490
1024, 680
300, 300
300, 300
300, 300
580, 435
329, 153
225, 225
300, 300
300, 300
300, 300
1280, 720
480, 270
960, 448
1620, 1080
251, 189
300, 300
598, 360
275, 183
300, 300
300, 168
300, 300
360, 140
550, 367
370, 272
300, 300
800, 533
300, 168
550, 390
297, 170
275, 183
1600, 1066
1236, 756
300, 300
300, 300
391, 252
800, 478
300, 300
300, 168
300, 300
243, 208
279, 181
2274, 1494
259, 194
500, 332
960, 629
313, 161
300, 300
300, 168
400, 300
1836, 1224
640, 424
692, 611
300, 300
1024, 680
1024, 683
887, 1200
183, 275
499, 320
268, 188
286, 176
320, 217
1365, 1023
300, 300
1200, 675
300, 300
225, 225
300, 300
299, 168
1174, 725
296, 170
800, 533
3452, 2520
300, 300
358, 141
358, 141
275, 183
300, 168
200, 252
259, 194
353, 237
275, 183
300, 300
350, 219
1655, 1104
1100, 700
274, 184
1126, 848
266, 190
182, 181
300, 300
319, 252
300, 168
275, 183
300, 300
350, 262
1024, 576
1280, 852
300, 300
405, 124
275, 183
300, 300
300, 300
1643, 1062
300, 300
600, 397
183, 275
300, 300
739, 447
300, 300
328, 154
300, 300
800, 533
300, 300
259, 194
300, 300
300, 300
300, 300
300, 300
685, 514
500, 278
300, 200
300, 300
259, 194
728, 483
300, 168
275, 150
1902, 1234
275, 183
1280, 720
738, 419
300, 300
300, 300
895, 497
1600, 1051
275, 183
163, 229
300, 168
300, 300
1280, 960
474, 355
300, 300
264, 177
277, 182
900, 561
300, 300
300, 300
1920, 1200
